           0           0
           4           0
           9           0
          14           0
          19           0
          24           0
          29           0
          34           0
          39           0
          44           0
          49           0
          54           0
          59           0
          64           0
          69           0
          73           0
          78           0
          83           0
          88           0
          93           0
          98           0
         102           0
         107           0
         112           0
         117           0
         121           0
         126           0
         131           0
         136           0
         140           0
         145           0
         150           0
         155           0
         159           0
         164           0
         169           0
         173           0
         178           0
         182           0
         187           0
         192           0
         196           0
         201           0
         205           0
         210           0
         215           0
         219           0
         224           0
         228           0
         233           0
         237           0
         242           0
         246           0
         251           0
         255           0
         260           0
         264           0
         269           0
         273           0
         277           0
         282           0
         286           0
         291           0
         295           0
         299           0
         304           0
         308           0
         312           0
         317           0
         321           0
         325           0
         330           0
         334           0
         338           0
         342           0
         347           0
         351           0
         355           0
         359           0
         364           0
         368           0
         372           0
         376           0
         380           0
         385           0
         389           0
         393           0
         397           0
         401           0
         405           0
         409           0
         413           0
         418           0
         422           0
         426           0
         430           0
         434           0
         438           0
         442           0
         446           0
         450           0
         454           0
         458           0
         462           0
         466           0
         470           0
         474           0
         478           0
         482           0
         486           0
         489           0
         493           0
         497           0
         501           0
         505           0
         509           0
         513           0
         517           0
         520           0
         524           0
         528           0
         532           0
         536           0
         539           0
         543           0
         547           0
         551           0
         554           0
         558           0
         562           0
         565           0
         569           0
         573           0
         577           0
         580           0
         584           0
         588           0
         591           0
         595           0
         598           0
         602           0
         606           0
         609           0
         613           0
         616           0
         620           0
         623           0
         627           0
         631           0
         634           0
         638           0
         641           0
         645           0
         648           0
         651           0
         655           0
         658           0
         662           0
         665           0
         669           0
         672           0
         675           0
         679           0
         682           0
         686           0
         689           0
         692           0
         696           0
         699           0
         702           0
         706           0
         709           0
         712           0
         715           0
         719           0
         722           0
         725           0
         728           0
         732           0
         735           0
         738           0
         741           0
         744           0
         748           0
         751           0
         754           0
         757           0
         760           0
         763           0
         766           0
         770           0
         773           0
         776           0
         779           0
         782           0
         785           0
         788           0
         791           0
         794           0
         797           0
         800           0
         803           0
         806           0
         809           0
         812           0
         815           0
         818           0
         821           0
         824           0
         827           0
         830           0
         833           0
         835           0
         838           0
         841           0
         844           0
         847           0
         850           0
         852           0
         855           0
         858           0
         861           0
         864           0
         866           0
         869           0
         872           0
         875           0
         877           0
         880           0
         883           0
         886           0
         888           0
         891           0
         894           0
         896           0
         899           0
         902           0
         904           0
         907           0
         910           0
         912           0
         915           0
         917           0
         920           0
         922           0
         925           0
         928           0
         930           0
         933           0
         935           0
         938           0
         940           0
         943           0
         945           0
         948           0
         950           0
         952           0
         955           0
         957           0
         960           0
         962           0
         965           0
         967           0
         969           0
         972           0
         974           0
         976           0
         979           0
         981           0
         983           0
         986           0
         988           0
         990           0
         992           0
         995           0
         997           0
         999           0
        1001           0
        1004           0
        1006           0
        1008           0
        1010           0
        1012           0
        1015           0
        1017           0
        1019           0
        1021           0
        1023           0
        1025           0
        1028           0
        1030           0
        1032           0
        1034           0
        1036           0
        1038           0
        1040           0
        1042           0
        1044           0
        1046           0
        1048           0
        1050           0
        1052           0
        1054           0
        1056           0
        1058           0
        1060           0
        1062           0
        1064           0
        1066           0
        1068           0
        1070           0
        1071           0
        1073           0
        1075           0
        1077           0
        1079           0
        1081           0
        1083           0
        1084           0
        1086           0
        1088           0
        1090           0
        1092           0
        1093           0
        1095           0
        1097           0
        1099           0
        1100           0
        1102           0
        1104           0
        1106           0
        1107           0
        1109           0
        1111           0
        1112           0
        1114           0
        1116           0
        1117           0
        1119           0
        1120           0
        1122           0
        1124           0
        1125           0
        1127           0
        1128           0
        1130           0
        1131           0
        1133           0
        1135           0
        1136           0
        1138           0
        1139           0
        1141           0
        1142           0
        1143           0
        1145           0
        1146           0
        1148           0
        1149           0
        1151           0
        1152           0
        1153           0
        1155           0
        1156           0
        1158           0
        1159           0
        1160           0
        1162           0
        1163           0
        1164           0
        1165           0
        1167           0
        1168           0
        1169           0
        1171           0
        1172           0
        1173           0
        1174           0
        1176           0
        1177           0
        1178           0
        1179           0
        1180           0
        1182           0
        1183           0
        1184           0
        1185           0
        1186           0
        1187           0
        1188           0
        1189           0
        1191           0
        1192           0
        1193           0
        1194           0
        1195           0
        1196           0
        1197           0
        1198           0
        1199           0
        1200           0
        1201           0
        1202           0
        1203           0
        1204           0
        1205           0
        1206           0
        1207           0
        1208           0
        1208           0
        1209           0
        1210           0
        1211           0
        1212           0
        1213           0
        1214           0
        1215           0
        1215           0
        1216           0
        1217           0
        1218           0
        1219           0
        1219           0
        1220           0
        1221           0
        1222           0
        1222           0
        1223           0
        1224           0
        1225           0
        1225           0
        1226           0
        1227           0
        1227           0
        1228           0
        1229           0
        1229           0
        1230           0
        1231           0
        1231           0
        1232           0
        1232           0
        1233           0
        1234           0
        1234           0
        1235           0
        1235           0
        1236           0
        1236           0
        1237           0
        1237           0
        1238           0
        1238           0
        1239           0
        1239           0
        1240           0
        1240           0
        1240           0
        1241           0
        1241           0
        1242           0
        1242           0
        1242           0
        1243           0
        1243           0
        1244           0
        1244           0
        1244           0
        1245           0
        1245           0
        1245           0
        1245           0
        1246           0
        1246           0
        1246           0
        1246           0
        1247           0
        1247           0
        1247           0
        1247           0
        1248           0
        1248           0
        1248           0
        1248           0
        1248           0
        1248           0
        1249           0
        1249           0
        1249           0
        1249           0
        1249           0
        1249           0
        1249           0
        1249           0
        1249           0
        1249           0
        1249           0
        1249           0
        1249           0
        1249           0
        1249           0
        1249           0
        1249           0
        1249           0
        1249           0
        1249           0
        1249           0
        1249           0
        1249           0
        1249           0
        1249           0
        1249           0
        1249           0
        1249           0
        1248           0
        1248           0
        1248           0
        1248           0
        1248           0
        1248           0
        1247           0
        1247           0
        1247           0
        1247           0
        1246           0
        1246           0
        1246           0
        1246           0
        1245           0
        1245           0
        1245           0
        1245           0
        1244           0
        1244           0
        1244           0
        1243           0
        1243           0
        1242           0
        1242           0
        1242           0
        1241           0
        1241           0
        1240           0
        1240           0
        1240           0
        1239           0
        1239           0
        1238           0
        1238           0
        1237           0
        1237           0
        1236           0
        1236           0
        1235           0
        1235           0
        1234           0
        1234           0
        1233           0
        1232           0
        1232           0
        1231           0
        1231           0
        1230           0
        1229           0
        1229           0
        1228           0
        1227           0
        1227           0
        1226           0
        1225           0
        1225           0
        1224           0
        1223           0
        1222           0
        1222           0
        1221           0
        1220           0
        1219           0
        1219           0
        1218           0
        1217           0
        1216           0
        1215           0
        1215           0
        1214           0
        1213           0
        1212           0
        1211           0
        1210           0
        1209           0
        1208           0
        1208           0
        1207           0
        1206           0
        1205           0
        1204           0
        1203           0
        1202           0
        1201           0
        1200           0
        1199           0
        1198           0
        1197           0
        1196           0
        1195           0
        1194           0
        1193           0
        1192           0
        1191           0
        1189           0
        1188           0
        1187           0
        1186           0
        1185           0
        1184           0
        1183           0
        1182           0
        1180           0
        1179           0
        1178           0
        1177           0
        1176           0
        1174           0
        1173           0
        1172           0
        1171           0
        1169           0
        1168           0
        1167           0
        1165           0
        1164           0
        1163           0
        1162           0
        1160           0
        1159           0
        1158           0
        1156           0
        1155           0
        1153           0
        1152           0
        1151           0
        1149           0
        1148           0
        1146           0
        1145           0
        1143           0
        1142           0
        1141           0
        1139           0
        1138           0
        1136           0
        1135           0
        1133           0
        1131           0
        1130           0
        1128           0
        1127           0
        1125           0
        1124           0
        1122           0
        1120           0
        1119           0
        1117           0
        1116           0
        1114           0
        1112           0
        1111           0
        1109           0
        1107           0
        1106           0
        1104           0
        1102           0
        1100           0
        1099           0
        1097           0
        1095           0
        1093           0
        1092           0
        1090           0
        1088           0
        1086           0
        1084           0
        1083           0
        1081           0
        1079           0
        1077           0
        1075           0
        1073           0
        1071           0
        1070           0
        1068           0
        1066           0
        1064           0
        1062           0
        1060           0
        1058           0
        1056           0
        1054           0
        1052           0
        1050           0
        1048           0
        1046           0
        1044           0
        1042           0
        1040           0
        1038           0
        1036           0
        1034           0
        1032           0
        1030           0
        1028           0
        1025           0
        1023           0
        1021           0
        1019           0
        1017           0
        1015           0
        1012           0
        1010           0
        1008           0
        1006           0
        1004           0
        1001           0
         999           0
         997           0
         995           0
         992           0
         990           0
         988           0
         986           0
         983           0
         981           0
         979           0
         976           0
         974           0
         972           0
         969           0
         967           0
         965           0
         962           0
         960           0
         957           0
         955           0
         952           0
         950           0
         948           0
         945           0
         943           0
         940           0
         938           0
         935           0
         933           0
         930           0
         928           0
         925           0
         922           0
         920           0
         917           0
         915           0
         912           0
         910           0
         907           0
         904           0
         902           0
         899           0
         896           0
         894           0
         891           0
         888           0
         886           0
         883           0
         880           0
         877           0
         875           0
         872           0
         869           0
         866           0
         864           0
         861           0
         858           0
         855           0
         852           0
         850           0
         847           0
         844           0
         841           0
         838           0
         835           0
         833           0
         830           0
         827           0
         824           0
         821           0
         818           0
         815           0
         812           0
         809           0
         806           0
         803           0
         800           0
         797           0
         794           0
         791           0
         788           0
         785           0
         782           0
         779           0
         776           0
         773           0
         770           0
         766           0
         763           0
         760           0
         757           0
         754           0
         751           0
         748           0
         744           0
         741           0
         738           0
         735           0
         732           0
         728           0
         725           0
         722           0
         719           0
         715           0
         712           0
         709           0
         706           0
         702           0
         699           0
         696           0
         692           0
         689           0
         686           0
         682           0
         679           0
         675           0
         672           0
         669           0
         665           0
         662           0
         658           0
         655           0
         651           0
         648           0
         645           0
         641           0
         638           0
         634           0
         631           0
         627           0
         623           0
         620           0
         616           0
         613           0
         609           0
         606           0
         602           0
         598           0
         595           0
         591           0
         588           0
         584           0
         580           0
         577           0
         573           0
         569           0
         565           0
         562           0
         558           0
         554           0
         551           0
         547           0
         543           0
         539           0
         536           0
         532           0
         528           0
         524           0
         520           0
         517           0
         513           0
         509           0
         505           0
         501           0
         497           0
         493           0
         489           0
         486           0
         482           0
         478           0
         474           0
         470           0
         466           0
         462           0
         458           0
         454           0
         450           0
         446           0
         442           0
         438           0
         434           0
         430           0
         426           0
         422           0
         418           0
         413           0
         409           0
         405           0
         401           0
         397           0
         393           0
         389           0
         385           0
         380           0
         376           0
         372           0
         368           0
         364           0
         359           0
         355           0
         351           0
         347           0
         342           0
         338           0
         334           0
         330           0
         325           0
         321           0
         317           0
         312           0
         308           0
         304           0
         299           0
         295           0
         291           0
         286           0
         282           0
         277           0
         273           0
         269           0
         264           0
         260           0
         255           0
         251           0
         246           0
         242           0
         237           0
         233           0
         228           0
         224           0
         219           0
         215           0
         210           0
         205           0
         201           0
         196           0
         192           0
         187           0
         182           0
         178           0
         173           0
         169           0
         164           0
         159           0
         155           0
         150           0
         145           0
         140           0
         136           0
         131           0
         126           0
         121           0
         117           0
         112           0
         107           0
         102           0
          98           0
          93           0
          88           0
          83           0
          78           0
          73           0
          69           0
          64           0
          59           0
          54           0
          49           0
          44           0
          39           0
          34           0
          29           0
          24           0
          19           0
          14           0
           9           0
           4           0
           0           0
