0 0
1.001001 0.04999995
2.002002 0.099899699
3.003003 0.14969925
4.004004 0.1993986
5.005005 0.24899775
6.006006 0.29849669
7.007007 0.34789544
8.008008 0.39719399
9.009009 0.44639234
10.01001 0.49549049
11.011011 0.54448843
12.012012 0.59338618
13.013013 0.64218373
14.014014 0.69088107
15.015015 0.73947822
16.016016 0.78797516
17.017017 0.83637191
18.018018 0.88466845
19.019019 0.9328648
20.02002 0.98096094
21.021021 1.0289569
22.022022 1.0768526
23.023023 1.1246482
24.024024 1.1723435
25.025025 1.2199387
26.026026 1.2674336
27.027027 1.3148283
28.028028 1.3621229
29.029029 1.4093172
30.03003 1.4564114
31.031031 1.5034053
32.032032 1.550299
33.033033 1.5970926
34.034034 1.6437859
35.035035 1.6903791
36.036036 1.736872
37.037037 1.7832647
38.038038 1.8295573
39.039039 1.8757496
40.04004 1.9218418
41.041041 1.9678337
42.042042 2.0137254
43.043043 2.059517
44.044044 2.1052083
45.045045 2.1507994
46.046046 2.1962904
47.047047 2.2416811
48.048048 2.2869717
49.049049 2.332162
50.05005 2.3772521
51.051051 2.4222421
52.052052 2.4671318
53.053053 2.5119213
54.054054 2.5566107
55.055055 2.6011998
56.056056 2.6456887
57.057057 2.6900775
58.058058 2.734366
59.059059 2.7785543
60.06006 2.8226425
61.061061 2.8666304
62.062062 2.9105181
63.063063 2.9543057
64.064064 2.997993
65.065065 3.0415801
66.066066 3.085067
67.067067 3.1284538
68.068068 3.1717403
69.069069 3.2149266
70.07007 3.2580128
71.071071 3.3009987
72.072072 3.3438844
73.073073 3.38667
74.074074 3.4293553
75.075075 3.4719404
76.076076 3.5144253
77.077077 3.5568101
78.078078 3.5990946
79.079079 3.6412789
80.08008 3.683363
81.081081 3.725347
82.082082 3.7672307
83.083083 3.8090142
84.084084 3.8506975
85.085085 3.8922807
86.086086 3.9337636
87.087087 3.9751463
88.088088 4.0164288
89.089089 4.0576112
90.09009 4.0986933
91.091091 4.1396752
92.092092 4.1805569
93.093093 4.2213385
94.094094 4.2620198
95.095095 4.3026009
96.096096 4.3430818
97.097097 4.3834625
98.098098 4.4237431
99.099099 4.4639234
100.1001 4.5040035
101.1011 4.5439834
102.1021 4.5838631
103.1031 4.6236427
104.1041 4.663322
105.10511 4.7029011
106.10611 4.74238
107.10711 4.7817587
108.10811 4.8210373
109.10911 4.8602156
110.11011 4.8992937
111.11111 4.9382716
112.11211 4.9771493
113.11311 5.0159268
114.11411 5.0546042
115.11512 5.0931813
116.11612 5.1316582
117.11712 5.1700349
118.11812 5.2083114
119.11912 5.2464877
120.12012 5.2845638
121.12112 5.3225398
122.12212 5.3604155
123.12312 5.398191
124.12412 5.4358663
125.12513 5.4734414
126.12613 5.5109163
127.12713 5.548291
128.12813 5.5855655
129.12913 5.6227399
130.13013 5.659814
131.13113 5.6967879
132.13213 5.7336616
133.13313 5.7704351
134.13413 5.8071084
135.13514 5.8436815
136.13614 5.8801544
137.13714 5.9165271
138.13814 5.9527996
139.13914 5.988972
140.14014 6.0250441
141.14114 6.061016
142.14214 6.0968877
143.14314 6.1326592
144.14414 6.1683305
145.14515 6.2039016
146.14615 6.2393725
147.14715 6.2747432
148.14815 6.3100137
149.14915 6.345184
150.15015 6.3802541
151.15115 6.415224
152.15215 6.4500937
153.15315 6.4848632
154.15415 6.5195325
155.15516 6.5541016
156.15616 6.5885706
157.15716 6.6229393
158.15816 6.6572078
159.15916 6.6913761
160.16016 6.7254442
161.16116 6.7594121
162.16216 6.7932798
163.16316 6.8270473
164.16416 6.8607146
165.16517 6.8942817
166.16617 6.9277486
167.16717 6.9611153
168.16817 6.9943818
169.16917 7.0275481
170.17017 7.0606142
171.17117 7.0935801
172.17217 7.1264458
173.17317 7.1592113
174.17417 7.1918766
175.17518 7.2244417
176.17618 7.2569066
177.17718 7.2892713
178.17818 7.3215357
179.17918 7.3537
180.18018 7.3857641
181.18118 7.417728
182.18218 7.4495917
183.18318 7.4813552
184.18418 7.5130185
185.18519 7.5445816
186.18619 7.5760445
187.18719 7.6074072
188.18819 7.6386697
189.18919 7.669832
190.19019 7.7008941
191.19119 7.731856
192.19219 7.7627177
193.19319 7.7934792
194.19419 7.8241405
195.1952 7.8547015
196.1962 7.8851624
197.1972 7.9155231
198.1982 7.9457836
199.1992 7.9759439
200.2002 8.006004
201.2012 8.0359639
202.2022 8.0658236
203.2032 8.0955831
204.2042 8.1252424
205.20521 8.1548014
206.20621 8.1842603
207.20721 8.213619
208.20821 8.2428775
209.20921 8.2720358
210.21021 8.3010939
211.21121 8.3300518
212.21221 8.3589095
213.21321 8.3876669
214.21421 8.4163242
215.21522 8.4448813
216.21622 8.4733382
217.21722 8.5016949
218.21822 8.5299514
219.21922 8.5581077
220.22022 8.5861637
221.22122 8.6141196
222.22222 8.6419753
223.22322 8.6697308
224.22422 8.6973861
225.22523 8.7249412
226.22623 8.752396
227.22723 8.7797507
228.22823 8.8070052
229.22923 8.8341595
230.23023 8.8612136
231.23123 8.8881674
232.23223 8.9150211
233.23323 8.9417746
234.23423 8.9684279
235.23524 8.994981
236.23624 9.0214338
237.23724 9.0477865
238.23824 9.074039
239.23924 9.1001913
240.24024 9.1262434
241.24124 9.1521952
242.24224 9.1780469
243.24324 9.2037984
244.24424 9.2294497
245.24525 9.2550007
246.24625 9.2804516
247.24725 9.3058023
248.24825 9.3310528
249.24925 9.356203
250.25025 9.3812531
251.25125 9.406203
252.25225 9.4310527
253.25325 9.4558021
254.25425 9.4804514
255.25526 9.5050005
256.25626 9.5294494
257.25726 9.553798
258.25826 9.5780465
259.25926 9.6021948
260.26026 9.6262429
261.26126 9.6501907
262.26226 9.6740384
263.26326 9.6977859
264.26426 9.7214331
265.26527 9.7449802
266.26627 9.7684271
267.26727 9.7917738
268.26827 9.8150202
269.26927 9.8381665
270.27027 9.8612126
271.27127 9.8841584
272.27227 9.9070041
273.27327 9.9297496
274.27427 9.9523948
275.27528 9.9749399
276.27628 9.9973848
277.27728 10.019729
278.27828 10.041974
279.27928 10.064118
280.28028 10.086162
281.28128 10.108106
282.28228 10.12995
283.28328 10.151693
284.28428 10.173336
285.28529 10.19488
286.28629 10.216322
287.28729 10.237665
288.28829 10.258908
289.28929 10.28005
290.29029 10.301092
291.29129 10.322034
292.29229 10.342875
293.29329 10.363617
294.29429 10.384258
295.2953 10.404799
296.2963 10.42524
297.2973 10.445581
298.2983 10.465821
299.2993 10.485961
300.3003 10.506001
301.3013 10.525941
302.3023 10.545781
303.3033 10.56552
304.3043 10.58516
305.30531 10.604699
306.30631 10.624138
307.30731 10.643476
308.30831 10.662715
309.30931 10.681853
310.31031 10.700891
311.31131 10.719829
312.31231 10.738667
313.31331 10.757404
314.31431 10.776041
315.31532 10.794578
316.31632 10.813015
317.31732 10.831352
318.31832 10.849588
319.31932 10.867725
320.32032 10.885761
321.32132 10.903696
322.32232 10.921532
323.32332 10.939268
324.32432 10.956903
325.32533 10.974438
326.32633 10.991873
327.32733 11.009207
328.32833 11.026442
329.32933 11.043576
330.33033 11.06061
331.33133 11.077544
332.33233 11.094378
333.33333 11.111111
334.33433 11.127744
335.33534 11.144277
336.33634 11.16071
337.33734 11.177043
338.33834 11.193275
339.33934 11.209408
340.34034 11.22544
341.34134 11.241372
342.34234 11.257203
343.34334 11.272935
344.34434 11.288566
345.34535 11.304097
346.34635 11.319528
347.34735 11.334858
348.34835 11.350089
349.34935 11.365219
350.35035 11.380249
351.35135 11.395179
352.35235 11.410009
353.35335 11.424738
354.35435 11.439367
355.35536 11.453896
356.35636 11.468325
357.35736 11.482654
358.35836 11.496882
359.35936 11.511011
360.36036 11.525039
361.36136 11.538966
362.36236 11.552794
363.36336 11.566521
364.36436 11.580149
365.36537 11.593676
366.36637 11.607103
367.36737 11.620429
368.36837 11.633656
369.36937 11.646782
370.37037 11.659808
371.37137 11.672734
372.37237 11.685559
373.37337 11.698285
374.37437 11.71091
375.37538 11.723435
376.37638 11.73586
377.37738 11.748185
378.37838 11.760409
379.37938 11.772533
380.38038 11.784557
381.38138 11.796481
382.38238 11.808305
383.38338 11.820028
384.38438 11.831651
385.38539 11.843175
386.38639 11.854597
387.38739 11.86592
388.38839 11.877142
389.38939 11.888265
390.39039 11.899287
391.39139 11.910209
392.39239 11.92103
393.39339 11.931752
394.39439 11.942373
395.3954 11.952894
396.3964 11.963315
397.3974 11.973635
398.3984 11.983856
399.3994 11.993976
400.4004 12.003996
401.4014 12.013916
402.4024 12.023735
403.4034 12.033455
404.4044 12.043074
405.40541 12.052593
406.40641 12.062012
407.40741 12.071331
408.40841 12.080549
409.40941 12.089667
410.41041 12.098685
411.41141 12.107603
412.41241 12.116421
413.41341 12.125138
414.41441 12.133755
415.41542 12.142272
416.41642 12.150689
417.41742 12.159006
418.41842 12.167222
419.41942 12.175339
420.42042 12.183355
421.42142 12.19127
422.42242 12.199086
423.42342 12.206801
424.42442 12.214417
425.42543 12.221932
426.42643 12.229346
427.42743 12.236661
428.42843 12.243876
429.42943 12.25099
430.43043 12.258004
431.43143 12.264918
432.43243 12.271731
433.43343 12.278445
434.43443 12.285058
435.43544 12.291571
436.43644 12.297984
437.43744 12.304296
438.43844 12.310509
439.43944 12.316621
440.44044 12.322633
441.44144 12.328545
442.44244 12.334356
443.44344 12.340068
444.44444 12.345679
445.44545 12.35119
446.44645 12.356601
447.44745 12.361911
448.44845 12.367122
449.44945 12.372232
450.45045 12.377242
451.45145 12.382152
452.45245 12.386962
453.45345 12.391671
454.45445 12.39628
455.45546 12.400789
456.45646 12.405198
457.45746 12.409507
458.45846 12.413715
459.45946 12.417823
460.46046 12.421831
461.46146 12.425739
462.46246 12.429547
463.46346 12.433254
464.46446 12.436861
465.46547 12.440368
466.46647 12.443775
467.46747 12.447082
468.46847 12.450288
469.46947 12.453394
470.47047 12.4564
471.47147 12.459306
472.47247 12.462112
473.47347 12.464817
474.47447 12.467422
475.47548 12.469927
476.47648 12.472332
477.47748 12.474637
478.47848 12.476841
479.47948 12.478945
480.48048 12.480949
481.48148 12.482853
482.48248 12.484657
483.48348 12.48636
484.48448 12.487963
485.48549 12.489466
486.48649 12.490869
487.48749 12.492172
488.48849 12.493374
489.48949 12.494476
490.49049 12.495478
491.49149 12.49638
492.49249 12.497182
493.49349 12.497883
494.49449 12.498484
495.4955 12.498985
496.4965 12.499386
497.4975 12.499687
498.4985 12.499887
499.4995 12.499987
500.5005 12.499987
501.5015 12.499887
502.5025 12.499687
503.5035 12.499386
504.5045 12.498985
505.50551 12.498484
506.50651 12.497883
507.50751 12.497182
508.50851 12.49638
509.50951 12.495478
510.51051 12.494476
511.51151 12.493374
512.51251 12.492172
513.51351 12.490869
514.51451 12.489466
515.51552 12.487963
516.51652 12.48636
517.51752 12.484657
518.51852 12.482853
519.51952 12.480949
520.52052 12.478945
521.52152 12.476841
522.52252 12.474637
523.52352 12.472332
524.52452 12.469927
525.52553 12.467422
526.52653 12.464817
527.52753 12.462112
528.52853 12.459306
529.52953 12.4564
530.53053 12.453394
531.53153 12.450288
532.53253 12.447082
533.53353 12.443775
534.53453 12.440368
535.53554 12.436861
536.53654 12.433254
537.53754 12.429547
538.53854 12.425739
539.53954 12.421831
540.54054 12.417823
541.54154 12.413715
542.54254 12.409507
543.54354 12.405198
544.54454 12.400789
545.54555 12.39628
546.54655 12.391671
547.54755 12.386962
548.54855 12.382152
549.54955 12.377242
550.55055 12.372232
551.55155 12.367122
552.55255 12.361911
553.55355 12.356601
554.55455 12.35119
555.55556 12.345679
556.55656 12.340068
557.55756 12.334356
558.55856 12.328545
559.55956 12.322633
560.56056 12.316621
561.56156 12.310509
562.56256 12.304296
563.56356 12.297984
564.56456 12.291571
565.56557 12.285058
566.56657 12.278445
567.56757 12.271731
568.56857 12.264918
569.56957 12.258004
570.57057 12.25099
571.57157 12.243876
572.57257 12.236661
573.57357 12.229346
574.57457 12.221932
575.57558 12.214417
576.57658 12.206801
577.57758 12.199086
578.57858 12.19127
579.57958 12.183355
580.58058 12.175339
581.58158 12.167222
582.58258 12.159006
583.58358 12.150689
584.58458 12.142272
585.58559 12.133755
586.58659 12.125138
587.58759 12.116421
588.58859 12.107603
589.58959 12.098685
590.59059 12.089667
591.59159 12.080549
592.59259 12.071331
593.59359 12.062012
594.59459 12.052593
595.5956 12.043074
596.5966 12.033455
597.5976 12.023735
598.5986 12.013916
599.5996 12.003996
600.6006 11.993976
601.6016 11.983856
602.6026 11.973635
603.6036 11.963315
604.6046 11.952894
605.60561 11.942373
606.60661 11.931752
607.60761 11.92103
608.60861 11.910209
609.60961 11.899287
610.61061 11.888265
611.61161 11.877142
612.61261 11.86592
613.61361 11.854597
614.61461 11.843175
615.61562 11.831651
616.61662 11.820028
617.61762 11.808305
618.61862 11.796481
619.61962 11.784557
620.62062 11.772533
621.62162 11.760409
622.62262 11.748185
623.62362 11.73586
624.62462 11.723435
625.62563 11.71091
626.62663 11.698285
627.62763 11.685559
628.62863 11.672734
629.62963 11.659808
630.63063 11.646782
631.63163 11.633656
632.63263 11.620429
633.63363 11.607103
634.63463 11.593676
635.63564 11.580149
636.63664 11.566521
637.63764 11.552794
638.63864 11.538966
639.63964 11.525039
640.64064 11.511011
641.64164 11.496882
642.64264 11.482654
643.64364 11.468325
644.64464 11.453896
645.64565 11.439367
646.64665 11.424738
647.64765 11.410009
648.64865 11.395179
649.64965 11.380249
650.65065 11.365219
651.65165 11.350089
652.65265 11.334858
653.65365 11.319528
654.65465 11.304097
655.65566 11.288566
656.65666 11.272935
657.65766 11.257203
658.65866 11.241372
659.65966 11.22544
660.66066 11.209408
661.66166 11.193275
662.66266 11.177043
663.66366 11.16071
664.66466 11.144277
665.66567 11.127744
666.66667 11.111111
667.66767 11.094378
668.66867 11.077544
669.66967 11.06061
670.67067 11.043576
671.67167 11.026442
672.67267 11.009207
673.67367 10.991873
674.67467 10.974438
675.67568 10.956903
676.67668 10.939268
677.67768 10.921532
678.67868 10.903696
679.67968 10.885761
680.68068 10.867725
681.68168 10.849588
682.68268 10.831352
683.68368 10.813015
684.68468 10.794578
685.68569 10.776041
686.68669 10.757404
687.68769 10.738667
688.68869 10.719829
689.68969 10.700891
690.69069 10.681853
691.69169 10.662715
692.69269 10.643476
693.69369 10.624138
694.69469 10.604699
695.6957 10.58516
696.6967 10.56552
697.6977 10.545781
698.6987 10.525941
699.6997 10.506001
700.7007 10.485961
701.7017 10.465821
702.7027 10.445581
703.7037 10.42524
704.7047 10.404799
705.70571 10.384258
706.70671 10.363617
707.70771 10.342875
708.70871 10.322034
709.70971 10.301092
710.71071 10.28005
711.71171 10.258908
712.71271 10.237665
713.71371 10.216322
714.71471 10.19488
715.71572 10.173336
716.71672 10.151693
717.71772 10.12995
718.71872 10.108106
719.71972 10.086162
720.72072 10.064118
721.72172 10.041974
722.72272 10.019729
723.72372 9.9973848
724.72472 9.9749399
725.72573 9.9523948
726.72673 9.9297496
727.72773 9.9070041
728.72873 9.8841584
729.72973 9.8612126
730.73073 9.8381665
731.73173 9.8150202
732.73273 9.7917738
733.73373 9.7684271
734.73473 9.7449802
735.73574 9.7214331
736.73674 9.6977859
737.73774 9.6740384
738.73874 9.6501907
739.73974 9.6262429
740.74074 9.6021948
741.74174 9.5780465
742.74274 9.553798
743.74374 9.5294494
744.74474 9.5050005
745.74575 9.4804514
746.74675 9.4558021
747.74775 9.4310527
748.74875 9.406203
749.74975 9.3812531
750.75075 9.356203
751.75175 9.3310528
752.75275 9.3058023
753.75375 9.2804516
754.75475 9.2550007
755.75576 9.2294497
756.75676 9.2037984
757.75776 9.1780469
758.75876 9.1521952
759.75976 9.1262434
760.76076 9.1001913
761.76176 9.074039
762.76276 9.0477865
763.76376 9.0214338
764.76476 8.994981
765.76577 8.9684279
766.76677 8.9417746
767.76777 8.9150211
768.76877 8.8881674
769.76977 8.8612136
770.77077 8.8341595
771.77177 8.8070052
772.77277 8.7797507
773.77377 8.752396
774.77477 8.7249412
775.77578 8.6973861
776.77678 8.6697308
777.77778 8.6419753
778.77878 8.6141196
779.77978 8.5861637
780.78078 8.5581077
781.78178 8.5299514
782.78278 8.5016949
783.78378 8.4733382
784.78478 8.4448813
785.78579 8.4163242
786.78679 8.3876669
787.78779 8.3589095
788.78879 8.3300518
789.78979 8.3010939
790.79079 8.2720358
791.79179 8.2428775
792.79279 8.213619
793.79379 8.1842603
794.79479 8.1548014
795.7958 8.1252424
796.7968 8.0955831
797.7978 8.0658236
798.7988 8.0359639
799.7998 8.006004
800.8008 7.9759439
801.8018 7.9457836
802.8028 7.9155231
803.8038 7.8851624
804.8048 7.8547015
805.80581 7.8241405
806.80681 7.7934792
807.80781 7.7627177
808.80881 7.731856
809.80981 7.7008941
810.81081 7.669832
811.81181 7.6386697
812.81281 7.6074072
813.81381 7.5760445
814.81481 7.5445816
815.81582 7.5130185
816.81682 7.4813552
817.81782 7.4495917
818.81882 7.417728
819.81982 7.3857641
820.82082 7.3537
821.82182 7.3215357
822.82282 7.2892713
823.82382 7.2569066
824.82482 7.2244417
825.82583 7.1918766
826.82683 7.1592113
827.82783 7.1264458
828.82883 7.0935801
829.82983 7.0606142
830.83083 7.0275481
831.83183 6.9943818
832.83283 6.9611153
833.83383 6.9277486
834.83483 6.8942817
835.83584 6.8607146
836.83684 6.8270473
837.83784 6.7932798
838.83884 6.7594121
839.83984 6.7254442
840.84084 6.6913761
841.84184 6.6572078
842.84284 6.6229393
843.84384 6.5885706
844.84484 6.5541016
845.84585 6.5195325
846.84685 6.4848632
847.84785 6.4500937
848.84885 6.415224
849.84985 6.3802541
850.85085 6.345184
851.85185 6.3100137
852.85285 6.2747432
853.85385 6.2393725
854.85485 6.2039016
855.85586 6.1683305
856.85686 6.1326592
857.85786 6.0968877
858.85886 6.061016
859.85986 6.0250441
860.86086 5.988972
861.86186 5.9527996
862.86286 5.9165271
863.86386 5.8801544
864.86486 5.8436815
865.86587 5.8071084
866.86687 5.7704351
867.86787 5.7336616
868.86887 5.6967879
869.86987 5.659814
870.87087 5.6227399
871.87187 5.5855655
872.87287 5.548291
873.87387 5.5109163
874.87487 5.4734414
875.87588 5.4358663
876.87688 5.398191
877.87788 5.3604155
878.87888 5.3225398
879.87988 5.2845638
880.88088 5.2464877
881.88188 5.2083114
882.88288 5.1700349
883.88388 5.1316582
884.88488 5.0931813
885.88589 5.0546042
886.88689 5.0159268
887.88789 4.9771493
888.88889 4.9382716
889.88989 4.8992937
890.89089 4.8602156
891.89189 4.8210373
892.89289 4.7817587
893.89389 4.74238
894.89489 4.7029011
895.8959 4.663322
896.8969 4.6236427
897.8979 4.5838631
898.8989 4.5439834
899.8999 4.5040035
900.9009 4.4639234
901.9019 4.4237431
902.9029 4.3834625
903.9039 4.3430818
904.9049 4.3026009
905.90591 4.2620198
906.90691 4.2213385
907.90791 4.1805569
908.90891 4.1396752
909.90991 4.0986933
910.91091 4.0576112
911.91191 4.0164288
912.91291 3.9751463
913.91391 3.9337636
914.91491 3.8922807
915.91592 3.8506975
916.91692 3.8090142
917.91792 3.7672307
918.91892 3.725347
919.91992 3.683363
920.92092 3.6412789
921.92192 3.5990946
922.92292 3.5568101
923.92392 3.5144253
924.92492 3.4719404
925.92593 3.4293553
926.92693 3.38667
927.92793 3.3438844
928.92893 3.3009987
929.92993 3.2580128
930.93093 3.2149266
931.93193 3.1717403
932.93293 3.1284538
933.93393 3.085067
934.93493 3.0415801
935.93594 2.997993
936.93694 2.9543057
937.93794 2.9105181
938.93894 2.8666304
939.93994 2.8226425
940.94094 2.7785543
941.94194 2.734366
942.94294 2.6900775
943.94394 2.6456887
944.94494 2.6011998
945.94595 2.5566107
946.94695 2.5119213
947.94795 2.4671318
948.94895 2.4222421
949.94995 2.3772521
950.95095 2.332162
951.95195 2.2869717
952.95295 2.2416811
953.95395 2.1962904
954.95495 2.1507994
955.95596 2.1052083
956.95696 2.059517
957.95796 2.0137254
958.95896 1.9678337
959.95996 1.9218418
960.96096 1.8757496
961.96196 1.8295573
962.96296 1.7832647
963.96396 1.736872
964.96496 1.6903791
965.96597 1.6437859
966.96697 1.5970926
967.96797 1.550299
968.96897 1.5034053
969.96997 1.4564114
970.97097 1.4093172
971.97197 1.3621229
972.97297 1.3148283
973.97397 1.2674336
974.97497 1.2199387
975.97598 1.1723435
976.97698 1.1246482
977.97798 1.0768526
978.97898 1.0289569
979.97998 0.98096094
980.98098 0.9328648
981.98198 0.88466845
982.98298 0.83637191
983.98398 0.78797516
984.98498 0.73947822
985.98599 0.69088107
986.98699 0.64218373
987.98799 0.59338618
988.98899 0.54448843
989.98999 0.49549049
990.99099 0.44639234
991.99199 0.39719399
992.99299 0.34789544
993.99399 0.29849669
994.99499 0.24899775
995.996 0.1993986
996.997 0.14969925
997.998 0.099899699
998.999 0.04999995
1000 0

